22
500
59
48
51
42
14
38
20
26
30
96
80
41
31
10
82
45
26
25
14
72
85
100
13
71
5
70
36
14
90
90
29
2
13
55
59
31
7
65
69
98
4
96
70
34
84
68
46
34
61
50
41
11
87
48
69
16
21
79
81
56
12
54
96
67
3
19
1
2
89
97
37
97
68
75
79
47
51
67
89
44
67
67
80
46
91
40
53
91
82
29
75
91
70
1
45
67
62
24
53
86
69
36
19
32
74
99
92
49
89
26
76
67
96
18
58
76
63
31
35
47
98
46
62
30
32
98
43
14
45
19
43
91
18
47
12
51
45
10
79
58
29
18
66
91
87
69
69
42
90
59
76
33
94
23
3
38
11
9
54
96
74
6
47
34
60
37
36
62
51
3
33
65
87
74
96
60
53
38
68
55
53
93
15
58
97
9
60
54
6
4
87
41
47
27
42
62
68
56
42
72
70
67
11
55
68
71
33
98
39
43
74
43
31
64
65
16
69
27
10
66
73
13
18
61
73
77
26
44
53
89
30
47
54
48
55
51
42
65
42
69
10
95
37
79
36
5
85
28
36
25
34
39
64
4
70
92
24
68
12
55
95
15
45
90
5
40
38
9
51
8
46
53
41
91
32
38
52
64
60
74
87
75
46
24
8
87
39
2
43
41
69
67
82
16
67
32
89
45
13
86
83
43
34
57
63
65
79
17
31
21
77
2
78
81
55
38
84
71
62
18
4
30
35
49
35
37
91
18
8
49
54
49
45
3
73
99
3
38
6
79
98
51
50
28
68
52
66
68
48
39
11
62
93
21
55
64
89
65
70
21
12
23
99
67
40
27
64
9
54
31
96
56
68
22
79
48
30
70
41
46
29
45
29
52
59
56
62
77
60
49
67
23
25
95
78
35
3
36
43
76
84
51
27
21
22
92
21
61
29
37
78
53
34
82
97
61
37
1
38
7
29
41
22
69
69
2
53
46
23
70
92
53
56
74
66
21
91
3
7
1
98
16
40
80
79
90
98
1
85
91
40
98
95
68
17
91
18
34
79
79
42
40
38
38
3
88
5
1
55
47
83
10
48
75
34
32
24
56
53
8
93
27
77
31
6
3
53
93
85
1
87
46
39
35
59
48
18
65
16
48
