22
500
55
21
61
80
54
76
95
46
11
57
81
6
31
86
3
62
71
79
95
69
19
58
29
93
64
23
41
26
36
98
43
32
86
59
22
99
16
52
47
2
49
25
44
57
56
61
33
12
32
9
99
93
50
40
72
81
65
35
12
41
82
2
53
80
18
50
15
9
81
9
2
63
81
5
48
75
80
18
60
43
53
24
49
78
26
37
65
36
59
79
29
60
45
73
42
92
57
25
22
69
9
67
33
21
33
64
75
41
84
73
95
45
66
15
67
35
98
56
7
74
21
81
60
25
45
92
45
28
61
13
32
44
26
5
75
96
39
38
59
3
18
2
63
4
42
85
98
96
90
54
58
39
56
28
41
92
67
63
94
51
55
19
62
69
42
39
77
3
8
87
11
40
36
80
19
33
82
8
91
2
27
15
51
67
23
28
45
28
54
2
58
35
74
64
46
37
76
59
34
40
43
87
27
56
90
56
28
80
14
20
48
8
95
62
62
86
80
21
10
61
47
72
53
90
64
50
10
82
25
15
91
2
70
42
59
31
26
33
5
69
62
3
79
31
100
28
34
7
21
72
85
28
73
90
66
22
79
95
8
91
55
84
23
60
59
41
22
38
14
76
51
76
74
42
14
50
18
25
80
20
96
59
95
40
68
19
18
89
96
46
73
49
76
41
27
96
27
70
30
37
49
25
98
88
65
30
27
45
75
4
79
35
26
8
98
82
76
84
48
96
90
95
54
31
31
79
7
72
22
67
2
71
4
91
65
91
64
34
8
49
89
30
92
69
34
94
95
85
57
85
28
55
11
47
2
62
89
26
10
65
83
47
94
40
97
11
48
88
95
70
11
25
75
95
90
66
87
65
67
90
28
9
80
10
65
20
8
84
85
22
12
3
88
62
22
85
74
69
4
6
86
42
34
26
70
74
86
6
4
77
96
27
68
13
61
41
77
8
18
84
15
10
2
82
31
81
86
45
87
44
89
34
28
34
87
99
16
4
87
53
50
39
92
39
6
49
86
68
87
74
18
27
95
54
8
66
33
46
50
72
90
25
94
85
70
62
89
52
27
40
50
87
29
33
49
59
65
56
81
55
55
54
42
72
98
40
33
55
74
67
78
19
1
84
15
5
40
83
99
66
