31
1000
58
48
52
5
71
42
62
67
60
6
40
5
19
70
46
74
92
47
38
49
34
35
96
62
63
44
59
83
43
17
73
52
100
95
85
90
32
64
9
64
18
72
9
89
98
36
84
1
40
12
54
27
97
62
65
92
78
21
46
29
10
89
35
9
23
55
62
42
37
33
11
66
71
33
43
81
79
66
99
73
88
1
17
7
70
58
62
33
47
63
24
90
78
30
11
17
21
94
59
42
39
29
36
91
28
37
27
3
41
16
5
5
73
35
43
32
83
38
72
88
61
70
95
1
45
1
64
24
86
48
14
77
11
47
89
56
32
24
93
93
70
62
87
75
22
25
31
2
2
31
32
17
77
11
65
2
28
83
28
21
65
47
85
100
27
4
49
33
12
39
48
79
69
31
66
34
44
15
42
42
60
18
93
79
41
73
94
34
59
9
79
98
70
69
60
22
32
56
75
87
63
41
97
42
85
57
41
58
34
82
95
4
25
80
59
32
64
100
83
1
6
46
7
58
2
61
9
16
18
91
21
40
38
19
100
45
3
82
92
83
9
12
91
3
93
28
82
3
39
5
76
50
20
36
34
69
84
44
94
61
41
32
79
14
52
31
80
5
76
99
75
77
60
24
78
44
32
92
18
20
37
35
61
22
39
21
22
15
57
52
7
90
13
93
43
51
9
95
70
85
78
71
94
32
27
83
11
38
70
30
8
67
35
74
33
60
22
39
89
88
24
35
61
39
5
76
26
52
54
86
5
82
10
100
69
60
51
3
67
90
42
60
18
32
63
22
17
97
48
51
10
89
33
13
28
31
51
62
69
10
10
5
6
16
16
76
25
93
99
95
50
91
26
54
94
91
44
80
72
52
87
80
17
96
33
24
76
78
53
58
11
43
73
83
13
82
44
16
17
4
55
51
12
82
56
18
43
100
95
19
92
2
33
99
2
14
23
46
76
65
81
58
4
29
96
28
46
57
37
84
53
67
40
23
56
66
82
14
1
43
79
15
14
6
27
13
58
43
84
50
57
96
33
92
96
62
47
4
28
52
57
19
25
39
53
84
2
44
22
75
4
56
61
64
85
73
69
91
20
3
51
17
86
74
34
5
43
68
28
88
88
31
31
22
49
4
43
41
44
43
37
73
44
3
28
59
27
15
83
68
55
54
64
9
9
44
9
85
46
74
34
15
13
31
94
5
29
6
77
38
56
84
67
20
6
32
36
95
13
90
69
11
89
53
56
96
44
77
72
27
23
75
38
61
92
72
60
68
90
54
72
88
2
83
80
71
56
79
2
92
6
9
7
23
41
74
83
26
43
54
52
40
52
13
86
62
53
57
19
55
30
86
11
58
52
31
84
15
64
49
9
3
79
6
53
17
52
54
23
1
71
94
93
29
40
95
73
3
88
35
72
69
63
87
58
88
76
72
55
72
73
100
98
23
24
69
75
13
92
50
82
71
32
94
70
47
31
13
64
11
88
49
95
52
32
10
86
7
6
63
81
6
95
97
32
32
89
8
92
66
50
76
20
11
77
53
1
57
77
82
54
70
42
28
40
18
37
65
18
85
100
12
5
73
19
40
55
70
89
68
98
66
31
6
68
61
100
52
9
90
94
60
76
33
65
84
11
67
51
14
63
76
32
18
5
68
75
90
12
10
57
79
95
59
30
2
70
70
22
30
85
13
47
34
89
87
38
11
76
45
64
59
12
4
58
78
63
60
81
57
2
71
20
5
56
50
75
98
91
49
62
60
62
15
7
48
69
8
9
52
23
66
26
18
97
31
20
47
17
37
87
79
78
5
55
25
86
31
94
84
62
50
90
26
17
76
42
34
45
36
29
49
15
71
7
25
99
91
95
81
13
7
99
82
39
41
30
76
35
25
4
70
59
98
27
47
100
71
28
60
1
96
39
70
22
60
5
14
49
31
50
2
28
49
8
79
1
10
24
13
56
21
67
62
35
64
24
87
48
2
1
2
51
47
39
76
42
29
19
99
76
12
95
15
6
100
87
23
49
48
26
85
89
19
73
74
1
4
74
95
5
59
13
92
93
65
12
51
93
33
34
14
63
56
83
11
7
41
98
64
46
55
64
79
17
55
36
37
34
50
77
7
91
19
92
62
47
19
83
82
53
90
56
10
38
17
70
92
7
61
31
52
17
48
69
40
98
57
26
6
37
91
24
22
22
77
11
24
39
72
72
94
59
78
14
10
70
7
99
90
94
3
88
58
57
62
66
39
43
72
98
15
7
74
28
64
38
47
97
78
