31
1000
96
72
98
98
67
5
17
36
58
4
67
90
32
5
91
61
14
93
95
81
3
9
21
11
19
99
89
55
18
59
2
48
87
27
14
30
65
93
16
59
31
54
13
51
28
68
55
55
25
2
19
14
32
32
5
9
25
26
98
12
64
74
18
38
66
14
96
8
49
60
91
99
20
20
26
46
52
20
28
43
42
40
3
61
100
45
20
75
42
16
76
81
14
44
65
24
1
12
63
37
43
91
66
56
13
59
34
27
94
89
91
92
71
7
79
74
72
32
4
4
29
56
95
78
78
92
95
15
27
97
56
68
51
94
21
53
19
97
65
69
79
19
74
8
78
71
50
94
41
100
87
60
99
46
2
14
10
32
89
93
84
93
3
66
32
33
81
96
69
48
74
60
12
85
43
50
23
13
49
93
45
22
100
39
62
43
58
90
91
62
78
31
45
73
63
30
68
24
29
36
24
23
62
85
95
88
93
46
17
92
63
14
49
18
16
89
61
46
31
14
1
91
30
41
73
32
93
22
5
94
76
85
23
67
8
12
65
64
63
87
24
40
62
53
1
8
65
38
86
99
20
45
4
63
77
40
100
19
24
90
41
92
40
47
95
7
17
8
90
12
64
71
81
21
16
40
100
91
33
86
73
82
62
11
76
77
71
46
19
72
66
15
22
78
32
6
39
71
21
10
74
94
69
69
47
64
45
36
40
92
94
25
46
24
85
1
41
83
8
61
26
65
21
40
93
15
1
70
83
23
11
45
32
48
75
49
30
64
54
15
72
59
10
35
94
48
88
22
99
19
77
67
11
65
65
78
78
77
33
19
20
56
97
86
82
83
23
31
7
22
83
49
27
92
20
84
13
83
16
43
61
5
8
98
37
5
63
45
69
10
74
21
13
53
32
88
87
71
84
79
6
80
8
57
83
47
56
64
22
31
64
100
93
11
23
8
45
100
27
32
34
83
42
1
10
78
27
64
70
87
17
85
69
56
48
40
70
15
50
87
69
26
78
88
81
56
25
43
85
90
17
7
77
12
67
9
8
7
72
53
96
85
80
89
11
25
84
10
25
29
31
13
15
11
32
8
94
31
14
49
52
35
36
79
93
84
20
14
18
53
39
56
58
23
73
3
85
96
83
5
84
93
65
35
71
98
54
15
49
77
90
64
87
16
73
24
8
68
21
92
61
31
22
36
30
33
22
43
89
95
10
12
83
87
70
43
89
60
73
53
64
5
10
22
9
60
31
1
45
9
91
79
88
10
71
74
41
85
5
89
6
76
21
65
90
46
73
10
74
40
21
8
88
97
92
45
91
95
3
87
19
56
12
24
16
16
91
90
47
86
24
58
61
3
48
40
85
64
30
92
57
2
6
37
5
91
46
12
32
5
93
65
79
40
66
13
52
59
21
67
80
39
49
64
69
98
90
6
92
79
29
98
63
7
35
14
11
32
23
38
68
63
65
4
10
79
52
35
20
70
34
97
8
29
75
44
95
35
60
47
47
27
39
42
7
2
13
15
13
32
47
17
68
32
70
7
46
79
90
27
77
18
61
41
2
68
46
38
74
65
93
90
13
22
70
2
93
11
31
4
77
27
22
88
27
32
68
19
84
62
20
51
38
62
44
75
72
71
94
43
66
57
6
75
44
10
8
60
70
38
6
19
66
4
25
31
10
12
89
15
52
92
50
97
92
58
53
82
69
87
92
25
40
26
59
60
42
60
64
1
5
56
34
55
87
21
10
2
68
75
7
20
53
87
96
95
70
54
96
23
84
17
70
93
91
4
79
74
48
8
6
94
15
68
42
46
90
48
7
65
9
29
67
22
41
53
35
75
52
10
83
97
94
70
2
52
20
79
35
67
99
94
58
90
99
54
36
40
61
89
39
47
66
34
60
84
75
43
62
39
43
35
24
92
36
37
3
92
74
95
27
87
5
22
8
80
50
39
9
42
29
98
66
58
82
11
83
78
14
5
21
41
10
32
55
58
56
29
41
35
21
45
62
17
99
91
61
46
55
93
76
80
6
13
64
57
70
7
44
49
84
7
64
79
14
26
85
80
39
77
12
35
58
60
9
46
53
46
40
62
30
10
51
85
44
32
73
80
29
38
18
17
91
80
11
39
38
84
62
81
77
70
97
18
45
49
96
73
2
71
68
70
92
18
98
17
31
4
74
99
39
17
82
45
97
6
26
4
66
26
18
11
62
96
2
58
4
30
6
79
76
37
87
33
100
51
99
37
3
76
1
62
65
3
60
97
100
39
90
57
