31
1000
81
11
6
21
98
81
69
47
78
7
47
83
87
86
63
87
89
34
82
82
34
20
66
31
4
44
42
60
14
72
93
6
83
27
72
42
24
40
50
50
61
83
3
98
16
22
57
27
97
10
87
50
26
57
91
38
3
52
36
35
31
50
53
62
35
96
14
65
19
88
9
49
70
81
8
41
61
25
29
3
13
65
34
70
40
42
48
14
15
21
53
91
90
2
15
76
76
18
7
43
81
87
97
87
93
29
17
59
56
22
13
19
57
27
3
43
24
47
82
58
35
18
64
12
16
98
89
55
82
58
24
68
47
63
20
96
87
55
23
77
19
34
95
40
83
25
73
44
97
95
60
24
92
91
18
51
77
87
97
97
58
95
21
95
61
49
54
56
52
72
18
91
51
93
93
92
89
38
89
54
9
20
29
3
5
60
58
8
1
89
66
69
71
5
73
21
11
52
9
55
75
100
69
7
20
35
78
52
63
67
63
68
22
48
87
63
55
86
69
26
20
64
92
39
2
56
69
85
41
42
3
73
28
9
5
88
6
31
94
1
72
54
22
79
37
87
45
8
37
36
47
58
58
47
71
91
98
33
4
80
30
17
94
90
87
5
61
84
56
59
46
13
96
25
7
87
10
99
20
70
79
47
91
71
43
3
48
17
32
71
100
45
96
98
60
66
5
83
91
87
56
73
72
26
48
75
97
7
65
51
74
37
86
17
74
34
39
52
73
81
47
34
91
57
1
41
24
77
90
59
37
54
9
50
82
74
91
33
6
79
38
10
61
13
5
48
92
46
69
6
28
79
91
95
61
55
7
33
70
47
93
34
15
97
98
77
43
51
42
18
27
40
9
81
43
67
20
27
65
8
83
40
16
75
65
45
51
72
68
60
18
24
82
78
10
19
69
56
15
71
23
66
79
46
2
23
2
49
100
91
48
11
55
12
17
49
12
72
49
43
73
88
73
49
85
18
78
48
96
49
46
72
49
13
32
88
33
54
69
60
56
87
37
24
78
68
11
13
77
25
55
69
82
46
54
72
79
7
75
18
12
1
60
72
10
36
43
98
33
56
60
36
25
35
58
78
93
61
11
83
46
22
88
61
52
10
80
14
12
75
28
50
89
100
61
89
86
58
63
58
48
46
68
33
22
11
41
2
46
34
63
23
34
69
65
92
12
19
85
83
11
17
86
74
4
57
22
2
77
51
62
69
80
8
71
76
24
32
50
40
10
29
9
97
59
62
65
70
85
22
60
16
32
33
24
22
26
86
46
10
44
23
21
22
62
46
39
3
18
33
7
11
69
64
80
41
49
35
17
26
6
47
2
79
76
87
100
89
42
89
9
59
15
87
47
26
47
27
59
95
28
82
70
43
50
24
20
44
80
74
29
28
71
38
45
17
62
92
99
68
39
7
79
52
68
50
50
92
57
76
7
77
55
83
3
61
55
21
21
44
33
58
36
45
95
31
66
47
70
35
12
66
33
59
12
25
18
20
87
57
37
37
51
59
58
77
12
41
55
82
79
2
88
4
95
57
64
93
98
71
33
61
45
36
3
11
24
17
34
66
85
48
67
86
31
67
38
27
7
62
1
1
98
11
44
11
86
39
24
41
20
91
54
8
79
86
23
33
48
98
58
31
17
55
27
79
76
87
58
1
28
40
55
48
83
1
25
51
25
64
68
91
28
53
54
54
1
59
47
70
2
87
54
15
67
2
76
87
12
21
78
80
80
65
67
24
77
81
99
100
23
23
25
19
70
39
24
47
88
47
41
70
12
36
12
58
78
34
36
67
45
91
23
87
91
34
86
48
32
76
51
82
56
64
73
64
43
23
45
13
12
7
23
60
73
57
31
1
67
47
26
23
34
59
60
66
85
66
68
58
68
84
5
42
54
45
33
40
29
95
96
2
48
74
98
50
37
58
4
75
10
88
65
7
83
7
58
93
65
70
10
84
85
55
4
71
59
95
9
37
42
5
9
85
2
38
50
62
33
63
37
32
82
37
30
94
96
17
68
97
72
73
30
79
99
75
92
90
31
73
77
40
88
83
93
70
39
84
71
41
87
12
62
17
32
27
58
73
33
12
30
41
62
4
92
43
31
62
6
17
84
57
64
68
29
68
59
54
42
78
13
14
25
89
90
5
72
26
67
36
27
11
85
77
66
62
2
28
28
42
13
82
80
75
24
3
21
75
63
40
13
8
19
51
82
10
21
40
73
17
46
99
61
88
44
14
73
57
59
61
73
13
9
5
91
44
63
31
6
66
