31
1000
63
37
22
22
23
76
100
7
49
13
20
50
95
6
67
36
2
94
26
37
43
28
66
11
99
11
9
14
28
47
65
34
9
33
84
72
1
94
62
4
61
25
3
77
29
69
73
75
33
54
26
62
49
45
70
75
6
32
97
80
100
1
48
21
85
39
19
14
48
62
79
53
88
100
5
48
76
4
47
68
20
71
65
45
34
18
84
74
6
7
33
5
79
49
78
92
68
3
19
43
68
58
58
94
27
6
76
32
33
98
48
62
40
20
39
5
93
17
43
34
92
30
84
49
23
79
81
42
50
18
27
88
88
80
38
79
21
12
48
44
12
13
42
9
64
81
15
91
88
76
75
69
35
43
67
95
62
51
43
51
77
78
8
48
38
77
12
36
86
5
19
81
12
55
65
48
96
82
26
7
17
59
49
30
80
89
42
79
69
1
14
38
76
17
82
64
16
44
97
94
23
29
99
94
55
13
63
41
53
12
59
88
49
80
83
69
18
17
64
82
40
4
68
53
44
79
64
55
55
63
50
47
19
24
84
32
12
63
45
35
35
82
51
58
25
37
27
13
86
37
90
16
7
33
12
23
99
6
27
90
4
64
1
84
99
91
99
22
14
20
76
42
44
16
22
15
71
27
48
52
67
11
43
56
14
68
19
44
56
24
15
68
41
28
24
14
62
81
40
21
87
81
47
86
18
63
71
56
24
78
90
97
73
62
33
26
9
5
43
56
76
84
75
86
51
10
14
43
53
95
67
56
73
38
46
43
89
2
68
11
16
38
89
48
17
99
70
56
12
15
41
31
78
43
52
16
54
56
79
44
3
43
31
48
37
3
85
49
100
37
26
64
43
54
73
77
58
77
62
47
51
3
30
41
3
31
86
73
25
40
68
58
12
7
97
93
55
52
40
68
27
96
64
14
12
43
46
68
64
8
34
13
69
77
5
34
98
30
32
89
26
39
3
55
93
62
61
2
27
64
99
100
87
48
72
82
89
13
21
97
36
28
78
50
96
89
30
94
3
40
43
77
76
89
30
29
73
77
58
3
77
100
27
25
43
76
67
27
77
76
89
32
22
42
50
89
94
71
57
9
99
27
98
57
90
70
4
34
72
43
73
25
45
12
15
31
71
44
8
38
87
39
70
1
84
85
69
63
73
18
54
76
73
89
14
56
98
25
33
72
51
84
73
72
87
52
67
63
12
92
52
70
100
76
28
16
40
69
24
92
75
27
26
93
30
9
7
90
34
55
33
73
2
80
11
7
43
100
79
75
26
33
79
48
57
1
95
73
86
78
94
78
77
86
75
25
37
40
61
64
59
8
68
3
100
28
43
43
88
51
31
40
87
82
28
36
44
15
59
8
41
25
12
92
67
95
15
80
47
44
27
94
9
32
7
40
61
79
73
31
76
26
39
74
1
31
28
12
26
85
29
61
21
17
46
80
33
25
29
14
70
99
58
7
4
75
28
82
37
85
100
11
9
73
12
6
32
69
91
7
47
17
95
80
59
26
24
54
83
33
77
52
17
97
89
60
60
56
81
88
5
50
45
77
73
3
20
70
11
79
80
55
35
29
83
97
74
45
21
31
17
71
39
24
33
40
38
36
1
76
85
22
41
39
51
10
94
82
29
43
18
45
56
44
98
10
84
21
99
41
54
95
94
47
20
88
28
62
58
68
63
51
8
59
95
55
83
17
33
76
22
2
86
24
99
55
35
76
90
90
25
26
30
33
40
37
42
6
18
78
28
23
66
81
14
93
50
62
65
24
6
22
55
25
82
46
48
24
72
78
14
33
60
84
50
77
1
56
27
51
78
5
14
70
65
57
95
19
75
89
68
27
37
8
60
69
95
13
72
54
52
34
46
23
5
96
66
81
99
5
94
32
56
25
81
77
86
36
84
13
24
11
41
91
42
53
2
87
16
69
7
50
78
82
8
38
59
61
93
38
64
100
79
87
49
60
40
14
11
62
76
75
25
84
24
7
64
75
51
61
29
96
32
59
59
47
34
19
7
11
36
98
85
73
22
50
36
93
80
100
73
3
6
41
88
36
65
8
57
100
65
53
83
12
48
22
64
84
10
47
84
83
63
25
38
44
39
83
69
49
85
1
5
83
84
42
64
28
31
30
76
89
27
90
77
96
54
78
83
87
87
24
10
68
89
82
11
24
95
92
89
67
90
81
69
41
62
72
10
59
2
44
48
81
93
31
80
17
88
12
37
6
46
44
38
90
7
86
84
42
17
92
28
51
77
41
10
62
22
94
