22
500
79
74
10
21
45
68
45
29
22
79
31
69
36
12
40
46
54
20
25
11
67
54
89
40
59
88
44
28
53
12
83
31
89
16
95
36
35
2
65
12
76
62
43
68
2
10
32
53
46
77
94
11
72
19
89
63
74
25
33
10
7
88
64
100
44
81
26
42
42
20
42
40
35
74
26
62
33
58
32
70
1
6
39
68
69
12
41
6
13
43
63
59
93
73
95
46
72
40
26
95
62
28
78
62
35
97
91
85
63
96
99
70
86
100
80
53
21
7
29
96
31
8
77
29
31
33
55
100
83
98
72
62
38
29
87
46
48
3
83
28
2
60
24
24
21
35
80
76
31
66
21
2
69
62
55
17
4
22
40
67
67
26
72
65
55
7
15
51
2
81
86
70
15
82
73
48
94
66
100
92
72
37
73
87
57
89
91
15
46
91
93
38
67
1
73
30
81
30
57
49
74
75
87
16
50
95
49
27
30
62
95
20
8
66
94
4
53
83
38
26
83
16
64
33
4
35
23
59
56
58
56
97
43
21
70
11
58
98
20
76
52
3
66
57
74
10
54
67
93
57
11
48
84
22
60
1
92
20
59
50
15
84
58
26
50
38
16
13
28
43
78
40
65
92
96
92
36
62
58
79
95
42
83
36
40
67
21
62
85
51
21
52
12
14
78
20
21
91
25
99
16
42
11
82
23
94
66
59
60
52
6
1
57
32
5
61
33
57
87
46
23
25
76
62
33
90
88
56
82
36
52
37
18
7
99
94
64
1
23
31
43
34
23
55
54
20
6
93
37
34
86
35
16
61
52
50
67
59
8
50
84
88
25
19
46
34
73
57
95
52
48
4
57
95
63
21
62
86
25
58
73
4
22
61
26
40
83
84
45
17
29
48
44
88
54
29
15
48
15
82
25
80
32
98
21
47
99
30
78
9
68
97
81
2
27
15
24
86
62
50
53
57
81
32
81
28
32
14
67
71
93
73
52
41
16
97
24
87
84
42
9
94
51
38
41
33
61
65
50
46
19
31
13
49
27
26
39
23
41
44
100
13
5
7
14
42
92
40
54
93
40
22
67
33
27
9
84
55
92
52
65
25
38
7
70
62
71
5
74
10
73
13
42
89
68
12
79
4
23
89
