31
1000
4
67
6
65
96
97
17
48
56
56
23
43
86
39
69
76
22
18
44
15
51
71
38
96
68
3
24
74
10
24
52
95
82
39
99
62
19
31
72
23
2
68
56
65
32
59
39
98
2
79
40
53
23
41
34
44
70
29
6
5
87
8
72
62
5
54
30
29
49
93
9
43
66
85
68
62
25
16
74
59
9
6
20
94
52
9
100
23
45
86
53
93
45
48
100
21
8
2
37
62
15
37
27
70
8
36
24
98
70
75
96
87
30
84
37
15
7
92
38
50
42
99
10
97
26
11
9
18
4
3
37
12
3
17
69
79
7
56
15
80
67
56
1
53
17
76
75
71
26
38
79
57
32
35
81
74
60
58
54
72
8
27
33
56
10
30
45
10
11
61
67
12
68
99
71
31
19
82
33
31
10
19
67
33
60
63
74
79
96
46
3
31
85
24
67
97
40
71
54
15
57
48
54
64
9
35
28
16
79
42
32
10
3
51
66
8
12
29
44
49
79
84
32
35
61
29
24
8
73
78
93
38
44
92
56
49
5
65
34
36
82
1
88
13
28
49
36
60
15
75
80
8
83
71
33
56
63
62
27
36
84
9
12
38
48
53
2
85
70
73
87
68
87
58
32
8
39
70
10
43
22
36
38
55
53
77
59
14
88
20
85
41
3
21
9
49
62
71
24
12
54
59
66
18
90
41
1
10
47
22
71
50
4
85
97
42
13
92
64
86
79
62
2
65
5
58
2
38
70
51
14
73
3
7
11
3
72
71
51
11
19
12
70
98
22
37
50
6
19
94
62
34
89
76
17
82
41
51
57
29
83
20
39
29
27
52
78
67
80
91
1
60
65
90
33
37
87
24
88
71
71
19
76
91
60
3
7
8
12
93
1
55
37
94
16
20
59
67
100
42
63
77
80
89
87
38
67
97
31
66
68
32
44
65
26
49
79
81
32
8
27
88
66
54
76
33
92
13
12
28
76
12
56
85
3
81
66
85
73
49
47
56
50
62
56
26
88
52
99
57
84
81
48
100
45
91
69
58
60
100
20
39
41
70
91
64
27
61
18
19
61
48
82
13
90
20
65
15
6
21
47
96
82
4
32
1
100
98
44
36
64
86
40
99
97
10
61
61
52
52
75
47
73
56
25
29
63
7
57
92
65
86
36
39
70
16
51
2
13
23
99
3
84
58
83
98
59
37
89
36
62
7
97
83
40
84
70
44
97
38
46
5
67
52
21
55
6
50
1
93
23
78
77
48
83
21
7
62
44
7
16
26
92
73
56
13
65
67
4
7
86
53
41
81
78
88
6
48
68
86
18
8
46
91
11
10
22
3
27
99
6
53
45
25
91
67
48
50
50
23
85
25
100
6
2
61
69
44
100
12
88
3
1
3
2
75
11
73
56
55
10
19
62
81
5
44
70
32
33
65
15
59
69
46
36
75
65
57
76
85
10
77
99
54
52
16
7
48
24
1
62
13
70
100
85
45
47
48
82
17
38
48
30
95
84
67
77
72
26
13
20
4
49
78
29
94
38
69
42
91
67
83
56
31
45
28
46
19
43
79
51
29
17
5
53
39
23
47
68
14
25
41
23
67
28
87
42
27
98
31
13
53
63
54
21
66
97
5
73
73
57
44
17
57
88
33
62
82
58
78
57
28
90
92
51
64
51
25
81
3
85
98
58
68
17
86
86
48
68
43
30
81
47
51
43
72
56
76
39
2
64
64
67
43
93
95
98
5
59
7
59
83
56
50
84
54
64
60
75
61
15
76
62
85
22
96
37
55
50
69
19
6
21
74
75
7
97
38
90
84
23
53
44
69
29
10
51
9
57
39
39
40
66
38
71
55
12
64
81
82
92
54
70
82
22
27
9
31
96
17
50
52
76
7
63
93
53
100
95
23
22
99
63
78
93
50
55
85
88
62
21
60
43
33
53
50
98
67
73
19
8
19
59
88
53
26
73
47
8
82
89
18
50
80
75
26
100
76
76
46
63
83
74
54
19
51
58
62
69
75
78
72
82
41
35
94
26
37
18
21
30
49
95
36
14
75
94
25
90
24
88
21
76
53
51
71
100
63
11
22
52
2
48
26
66
31
71
81
88
56
1
42
95
60
59
55
72
23
17
35
93
49
55
56
12
34
25
87
77
31
26
67
86
56
49
76
21
49
84
76
70
76
87
32
78
69
92
49
36
76
72
63
24
100
59
30
66
93
28
75
84
93
9
51
36
5
66
7
1
83
57
29
89
15
23
79
61
42
86
96
