22
500
63
29
12
73
15
71
97
23
59
58
13
12
76
41
97
61
24
28
83
21
78
50
14
27
40
41
54
4
64
10
72
46
72
33
66
76
6
38
84
15
92
1
14
87
65
34
70
24
63
53
22
20
56
4
39
86
64
75
93
8
53
44
71
98
78
61
99
4
82
31
39
2
81
29
43
83
20
14
7
91
6
76
78
41
95
22
41
74
21
85
61
28
71
83
76
92
2
60
15
35
92
10
45
83
63
65
80
79
82
73
64
69
27
37
14
64
1
64
80
78
22
81
63
46
30
7
74
11
75
91
9
23
88
84
86
95
20
90
44
65
35
23
46
82
12
27
71
25
87
38
59
22
52
44
63
16
50
28
23
60
17
78
53
54
81
32
9
65
59
68
36
3
3
56
99
19
64
51
28
100
97
40
48
39
50
13
8
48
58
95
18
70
72
56
16
89
5
54
68
86
32
90
3
2
37
25
72
7
24
89
10
92
79
95
50
48
7
34
82
3
96
18
54
21
73
82
78
64
22
30
62
89
88
33
78
90
38
5
41
91
95
40
4
31
69
9
81
74
34
40
7
66
14
15
41
58
31
48
38
79
32
60
31
30
82
77
48
91
46
32
35
86
33
73
23
59
90
44
65
32
28
2
56
59
68
69
78
73
90
41
16
78
81
68
87
90
94
81
78
89
21
30
64
37
94
3
42
62
75
75
78
75
83
6
27
39
4
88
53
64
10
30
50
77
76
83
38
32
44
34
88
60
58
39
49
63
47
92
62
66
76
78
48
78
78
1
88
5
80
8
90
50
16
39
65
96
36
43
72
73
13
56
65
44
27
51
51
4
23
45
15
24
72
21
83
97
78
38
70
7
54
82
89
68
27
79
23
10
62
10
21
8
68
6
45
77
90
3
52
85
58
53
24
44
45
53
71
29
1
94
82
28
32
100
94
100
96
47
72
81
42
15
25
5
89
17
29
62
64
53
94
49
24
30
29
22
73
72
84
21
49
81
23
27
46
24
57
93
33
70
71
51
59
78
52
45
5
41
89
1
56
91
59
12
70
37
11
38
73
80
38
37
13
58
26
54
54
33
46
76
96
5
37
1
11
88
99
99
67
33
48
24
80
16
13
27
79
54
62
20
