22
500
20
8
61
66
10
34
80
63
38
52
89
24
36
5
19
43
63
7
36
31
64
81
18
13
97
90
28
25
27
98
90
39
38
72
90
98
58
40
61
5
67
42
84
61
27
83
48
51
53
97
57
22
42
55
12
53
39
18
73
31
29
11
100
92
53
5
45
69
72
47
93
19
84
89
44
97
50
87
37
92
30
23
92
89
93
83
40
23
82
48
100
82
29
43
81
84
54
81
67
38
53
70
90
98
3
90
67
1
31
65
50
28
32
1
75
17
16
39
46
16
82
50
57
39
46
15
1
68
97
66
44
5
92
99
57
74
16
2
15
16
100
61
80
89
13
79
11
57
39
45
53
68
3
69
28
46
44
99
18
52
33
10
76
23
29
43
16
55
53
42
75
91
88
94
91
65
58
10
20
98
15
29
21
95
28
94
86
93
71
55
19
32
79
44
12
20
32
17
75
29
64
65
6
9
4
85
42
6
34
25
87
11
75
61
55
89
78
64
89
71
11
30
86
27
95
5
50
42
93
15
49
60
42
75
18
2
95
69
14
41
35
35
62
56
95
99
67
90
89
31
38
93
29
57
59
51
57
39
67
87
65
70
79
88
67
72
18
55
41
11
26
27
99
66
75
2
96
83
32
10
81
95
85
9
13
31
44
99
37
64
8
19
71
5
97
25
51
4
34
67
50
7
15
86
87
81
12
4
84
35
58
68
74
84
67
35
9
9
10
46
14
62
63
81
96
58
49
10
81
67
25
23
50
28
81
74
71
29
42
19
25
93
62
58
91
31
6
17
63
91
31
25
65
91
94
69
2
14
98
9
39
78
9
50
62
67
14
81
94
32
6
46
31
9
76
50
65
86
55
34
58
40
19
73
82
62
99
20
71
100
50
20
3
59
65
16
73
24
57
62
30
64
54
73
56
36
79
38
24
15
39
11
26
77
45
84
53
99
84
61
42
42
5
73
73
32
77
22
60
15
80
1
9
44
72
69
18
78
36
24
96
41
28
78
52
54
18
59
25
11
19
16
96
41
28
38
51
4
33
83
86
15
63
5
24
83
59
29
76
71
98
81
20
32
100
99
74
14
33
46
48
84
98
70
48
36
99
28
63
7
21
52
3
56
83
88
14
59
34
50
