31
1000
86
84
96
54
9
75
100
100
17
97
18
54
47
28
92
75
38
53
73
65
13
53
13
70
55
73
21
12
69
41
83
68
4
93
81
48
77
6
56
98
71
96
76
48
29
9
79
79
41
9
21
1
65
2
39
62
32
63
92
28
29
68
56
74
97
1
79
35
3
45
87
96
49
15
34
84
65
11
68
69
34
95
75
11
77
40
93
81
96
64
8
20
90
35
57
68
90
97
32
78
34
35
75
96
72
58
65
89
60
38
34
65
40
14
6
24
1
59
92
95
35
3
20
27
92
43
85
91
38
100
45
86
92
13
38
85
23
66
12
52
26
50
73
19
59
42
16
40
93
69
53
56
67
84
94
6
47
39
24
41
21
15
97
7
47
43
26
43
67
90
65
52
35
75
97
26
56
59
50
70
81
61
9
36
31
23
80
13
67
70
50
7
12
48
58
44
84
89
38
6
82
42
21
57
11
76
10
88
94
58
8
87
56
62
82
55
36
69
50
67
48
91
3
58
55
29
49
69
91
19
95
30
67
42
63
33
82
2
32
32
85
26
53
6
84
73
98
5
80
85
50
100
54
87
4
28
12
41
74
51
85
44
7
23
79
99
68
49
79
41
4
14
82
47
2
64
40
66
100
86
59
83
45
57
96
42
23
67
37
17
28
65
19
13
76
78
25
92
88
64
32
1
1
74
76
26
78
28
99
64
96
54
99
64
58
42
24
72
6
61
46
36
72
45
20
22
80
17
6
29
54
59
83
62
51
52
60
86
23
19
26
97
31
49
59
55
35
70
8
60
48
56
70
34
61
40
15
27
89
93
96
18
55
45
58
39
38
76
37
83
10
100
41
79
19
100
68
4
57
53
22
51
25
74
73
31
16
36
20
36
74
98
38
4
43
64
75
81
6
66
72
10
58
40
5
19
58
21
48
75
28
56
92
1
70
85
72
52
89
73
50
96
79
84
65
10
13
12
71
60
79
43
28
41
25
87
76
40
2
73
31
57
15
83
19
26
65
88
98
76
16
62
11
60
53
32
88
25
50
30
98
56
6
5
21
34
12
48
35
48
21
52
44
5
11
21
91
77
16
26
52
27
16
84
69
48
46
96
76
19
14
41
24
44
53
77
4
73
30
75
73
49
26
79
99
59
83
75
100
52
49
77
37
89
94
98
74
92
4
81
76
2
84
58
61
21
86
15
96
60
68
17
68
16
54
92
49
44
80
72
2
61
2
68
57
19
13
57
76
19
74
56
40
37
89
97
89
67
40
75
66
57
62
86
55
61
35
68
5
95
46
25
41
33
18
74
33
32
86
76
68
74
80
95
53
25
9
9
56
14
27
50
17
15
76
97
85
47
43
12
3
12
49
45
20
75
81
33
76
28
89
12
26
33
42
67
90
88
91
15
37
50
43
62
85
15
41
22
56
64
84
18
44
95
20
1
13
41
84
100
95
100
37
84
58
36
60
85
52
57
64
10
62
18
1
44
79
92
37
14
42
42
44
100
39
53
4
25
43
65
61
11
1
87
79
9
8
90
67
99
10
69
96
66
41
71
16
53
86
14
98
41
69
78
78
88
5
41
32
75
97
28
10
46
94
85
63
50
68
81
13
87
88
89
50
16
80
97
75
7
71
5
10
50
83
40
34
56
49
83
33
90
52
70
30
45
59
30
77
44
53
31
48
99
63
10
11
76
29
60
56
67
89
73
66
90
69
55
5
14
24
68
87
84
100
11
93
24
75
79
84
63
77
57
75
61
30
19
23
41
21
27
58
78
44
67
81
44
59
68
77
68
28
70
9
13
22
74
51
43
55
55
4
66
34
42
86
44
6
9
13
48
56
35
18
74
61
2
12
1
33
11
88
1
96
55
76
22
8
72
52
26
30
58
99
49
98
24
97
79
30
15
98
84
10
52
66
21
55
63
35
76
23
80
61
32
61
11
40
39
87
97
9
89
72
17
23
17
63
41
96
48
30
57
33
70
95
2
71
29
51
72
17
2
48
47
3
87
62
4
68
79
62
65
8
100
74
27
100
98
58
42
96
2
11
15
32
46
99
93
34
32
16
43
59
46
18
87
45
45
84
76
85
95
75
19
91
23
91
68
20
19
55
67
52
28
56
93
60
67
74
84
98
33
99
32
81
85
96
98
8
1
37
99
91
66
49
40
29
82
8
16
85
77
94
20
76
88
78
36
52
25
99
16
31
47
58
37
82
51
45
14
9
9
60
27
21
97
3
4
42
93
68
24
3
27
59
36
80
89
