22
500
19
62
96
52
45
92
57
7
63
40
39
82
33
12
28
88
76
49
11
45
30
24
48
71
5
43
5
95
44
88
16
16
27
76
44
89
79
67
72
100
29
64
75
59
81
92
51
34
57
45
21
63
28
41
29
16
49
30
95
16
95
37
61
25
74
30
53
65
41
3
31
10
55
19
56
80
50
43
6
95
86
9
57
75
63
14
72
77
38
50
96
35
73
79
89
83
95
98
33
4
26
73
35
83
57
50
75
74
54
5
44
35
29
55
15
8
59
19
41
10
9
2
44
88
93
17
72
42
88
62
26
91
95
93
43
69
47
10
70
28
79
85
23
98
16
90
43
30
61
39
69
51
90
39
20
92
28
52
8
70
19
73
91
18
82
43
20
49
52
18
58
38
84
68
15
72
12
78
18
37
12
75
99
83
9
42
54
94
25
80
94
79
45
99
52
71
10
82
41
39
26
50
32
29
18
14
73
77
5
39
54
58
20
14
33
28
50
80
20
82
48
57
9
8
85
52
44
61
12
10
7
39
43
58
62
56
52
62
1
12
66
85
48
53
93
41
96
8
60
15
8
69
93
86
67
47
9
20
9
49
21
25
5
49
35
94
58
12
86
17
98
15
69
49
80
29
44
84
70
77
4
65
67
6
93
95
64
38
71
64
46
5
14
61
88
33
12
95
38
28
56
19
5
40
40
57
79
94
60
82
11
73
26
89
78
42
39
46
21
83
56
3
11
25
10
35
99
3
72
3
56
80
79
19
9
89
72
75
91
40
65
36
86
81
98
55
15
68
43
97
77
56
80
9
20
55
86
74
91
82
100
44
34
29
85
42
23
68
52
74
46
40
24
94
52
77
83
68
32
33
18
73
33
18
50
10
1
62
53
47
32
24
48
5
62
30
45
76
58
50
18
2
94
2
52
59
16
41
43
62
4
64
82
9
37
21
76
78
6
31
82
30
77
35
16
74
42
12
36
24
71
51
80
75
45
65
21
92
99
81
40
43
58
57
18
98
80
25
92
41
63
16
12
70
30
45
59
47
96
82
52
43
69
79
51
38
41
69
51
77
84
29
99
18
52
21
71
48
26
66
35
79
88
29
72
88
36
4
31
77
43
12
100
96
77
26
19
25
72
7
