31
1000
32
93
24
70
14
54
91
86
11
89
28
7
42
54
89
85
23
41
93
36
93
46
8
10
40
85
99
17
52
10
17
65
54
99
31
25
15
30
50
73
98
90
42
20
6
67
38
29
78
98
39
33
90
75
66
60
43
50
55
72
38
73
52
91
71
28
43
41
1
66
60
22
18
44
55
22
68
84
59
62
22
68
24
5
50
75
78
13
9
89
87
39
82
46
26
61
59
80
70
77
73
38
15
40
90
65
75
26
22
11
90
34
80
87
12
62
83
100
29
28
69
82
67
5
67
99
75
59
19
55
94
46
19
2
94
79
15
79
10
3
35
78
34
88
30
64
76
95
67
95
1
67
35
77
89
55
88
22
23
89
58
82
67
31
19
9
21
30
16
1
59
2
38
90
27
35
35
74
12
82
44
48
12
97
76
55
15
60
15
7
70
99
72
44
27
81
33
84
64
91
65
84
15
11
41
35
22
85
32
41
72
59
12
6
20
14
7
79
93
8
26
4
48
61
66
69
19
35
32
27
15
33
31
70
57
57
34
56
13
37
19
29
95
67
96
47
95
86
33
65
85
89
27
59
78
92
59
33
18
70
50
6
55
84
50
89
58
8
78
54
10
27
16
79
94
58
32
89
16
5
65
38
41
33
92
46
19
42
96
21
78
93
22
36
94
72
8
32
66
22
45
57
3
18
50
74
5
15
76
61
92
79
27
1
17
36
74
55
79
20
28
84
32
97
55
58
14
53
71
72
17
32
79
49
50
68
73
34
79
15
88
58
97
80
4
6
75
95
9
50
74
31
12
83
44
57
86
80
26
35
7
36
14
64
64
74
86
92
18
23
45
65
68
74
80
68
7
82
61
81
69
65
48
5
83
64
29
54
60
38
22
74
7
100
85
94
12
67
32
70
64
86
67
6
80
51
54
31
97
51
31
23
21
10
77
47
21
21
4
28
47
12
58
54
59
40
72
97
51
85
30
26
44
54
60
33
87
58
38
57
77
79
66
33
39
6
50
10
11
81
36
58
52
5
71
51
68
57
77
62
53
80
98
24
84
64
69
34
59
51
40
10
27
34
62
74
50
37
81
44
52
49
39
76
83
50
23
37
69
70
97
72
45
68
30
20
67
22
89
55
94
89
48
42
72
94
67
94
9
99
84
43
88
4
47
63
76
3
4
8
42
67
27
44
57
85
88
90
71
66
5
50
70
6
46
13
35
77
96
38
2
19
6
25
64
14
100
71
34
20
21
44
28
24
48
21
15
2
83
10
36
15
73
99
5
24
59
43
81
94
98
78
11
14
43
88
28
3
11
15
59
93
78
62
79
94
72
92
64
12
92
4
30
74
81
47
44
72
1
20
29
30
92
25
69
32
31
11
18
36
32
23
10
37
91
88
81
4
66
57
41
87
69
16
18
37
28
41
19
53
14
97
79
15
100
100
36
57
31
89
16
56
59
85
2
9
25
83
97
87
71
15
24
3
3
30
24
87
3
58
66
65
21
92
96
63
68
50
5
73
1
100
50
31
27
98
77
69
26
75
24
41
15
2
30
79
47
70
14
33
29
86
73
58
94
22
95
33
64
68
17
87
7
43
83
13
16
40
53
17
80
49
48
56
69
3
95
96
4
49
27
56
43
80
92
69
97
96
1
90
33
97
87
48
88
57
59
15
72
71
83
92
70
99
92
7
22
61
42
26
2
97
52
53
61
24
78
26
59
88
61
77
11
50
62
80
24
68
67
28
1
15
7
79
84
31
57
51
90
18
93
29
45
91
71
63
14
83
89
68
58
75
71
62
49
22
94
71
67
47
70
60
28
18
73
30
54
39
78
63
20
79
67
29
25
59
56
55
28
37
55
81
76
50
52
29
13
42
6
72
46
74
5
92
24
47
57
1
76
16
4
3
65
42
7
97
3
90
53
60
16
25
30
35
80
95
8
43
76
93
68
88
15
96
43
75
6
52
43
44
70
43
54
47
89
83
71
58
41
14
41
42
25
67
48
39
30
44
13
79
41
56
18
43
12
95
24
49
98
77
23
74
69
26
36
27
71
45
25
76
33
45
85
29
37
81
58
77
42
43
53
93
10
26
30
45
60
98
53
18
63
83
20
32
84
95
59
44
80
61
62
87
2
85
43
29
72
52
28
4
32
50
76
26
24
16
86
98
27
45
61
95
62
13
72
82
75
9
34
93
20
54
78
18
60
99
79
3
68
27
58
1
89
43
89
68
10
46
63
33
93
12
37
31
15
84
6
48
82
15
