31
1000
87
89
12
95
50
62
88
3
2
92
29
69
44
99
84
53
43
14
8
13
60
68
81
44
20
89
97
74
17
22
82
4
50
93
99
88
93
16
94
42
94
61
71
2
10
55
75
21
45
96
80
51
70
62
18
16
34
53
63
52
21
62
19
74
85
62
9
80
15
95
55
92
36
64
94
90
29
61
54
37
35
9
18
54
2
91
91
9
53
61
95
31
91
7
53
25
58
49
96
62
42
20
45
88
72
2
26
37
56
70
40
50
4
26
70
93
52
65
56
75
68
25
71
40
57
17
60
67
36
17
22
55
40
62
74
68
3
90
62
93
85
70
74
18
69
2
75
41
100
58
25
5
87
69
37
71
57
24
36
7
28
50
91
27
46
35
44
79
24
4
26
83
14
100
58
26
32
61
38
89
14
95
14
49
91
78
77
51
33
91
34
40
45
84
57
65
84
49
93
53
8
24
27
82
12
58
5
50
84
23
14
82
1
39
12
18
16
71
20
76
99
8
96
44
63
28
54
25
71
25
56
10
46
83
37
71
87
78
16
23
42
13
73
95
79
8
49
24
100
16
46
67
28
33
76
30
87
77
26
96
81
83
90
22
6
83
24
81
43
57
90
99
25
54
69
25
38
76
83
47
29
49
98
68
48
71
61
22
13
23
18
86
98
3
77
61
9
95
3
34
12
94
63
35
34
47
82
32
72
20
37
91
59
67
42
26
39
17
51
96
51
82
14
6
60
76
42
55
42
68
47
26
54
31
11
60
67
30
85
94
67
64
95
72
17
69
11
18
21
17
30
28
59
87
94
9
2
12
18
68
54
100
64
90
97
42
11
92
23
85
74
98
40
20
70
82
27
96
36
91
26
41
31
57
21
97
73
50
91
37
28
52
100
54
21
53
89
52
33
20
51
55
53
62
35
27
8
97
94
42
31
74
57
90
12
25
68
53
28
6
13
51
52
23
52
82
51
56
33
89
7
89
86
81
69
34
40
70
22
61
25
33
5
82
92
55
19
63
40
25
54
28
90
36
14
97
19
41
10
15
99
5
40
13
85
82
31
23
91
85
77
54
68
12
21
52
21
66
95
51
10
15
89
45
12
50
26
58
68
81
89
65
57
47
60
26
51
6
74
5
100
56
24
37
32
56
48
23
70
77
60
46
85
38
86
48
37
94
29
94
24
25
9
47
93
88
55
95
92
97
16
19
26
90
11
52
1
92
14
36
17
65
58
58
14
79
56
74
18
4
21
42
10
42
49
36
37
20
77
23
33
48
58
38
71
57
90
20
17
40
6
94
55
2
21
20
36
64
89
39
47
20
40
20
10
58
22
12
94
91
14
76
5
90
39
5
61
23
38
13
42
20
33
34
72
84
86
32
87
63
70
93
12
78
49
69
49
72
76
17
64
53
19
72
96
67
5
33
10
17
29
16
76
69
67
56
36
94
40
62
76
4
58
43
29
25
40
73
50
20
35
92
23
25
87
73
71
47
57
97
12
2
29
59
66
82
99
67
67
22
30
22
34
17
7
95
46
18
29
89
6
6
82
48
59
100
74
82
54
67
10
86
20
56
93
11
24
11
46
31
45
18
78
40
54
4
66
9
70
37
49
59
52
27
70
98
84
70
40
23
32
2
25
7
6
17
57
9
87
88
88
45
50
42
16
25
99
60
2
22
43
29
26
80
100
98
86
69
37
43
21
51
21
88
58
5
98
98
13
31
66
2
80
97
5
8
42
55
97
50
69
46
19
36
78
61
95
40
23
43
52
34
81
96
5
62
64
19
64
51
29
43
14
12
95
74
92
22
29
35
13
17
92
72
32
20
32
84
4
11
81
52
48
100
85
5
29
95
1
14
52
59
77
67
14
46
73
93
73
21
62
6
94
9
38
1
8
50
60
47
60
53
8
29
4
81
99
46
29
63
62
49
46
84
74
69
46
53
73
21
78
37
80
22
9
78
68
84
20
37
86
20
62
30
63
93
57
5
29
19
4
42
10
61
70
16
31
39
23
80
16
39
1
34
39
53
41
48
30
90
96
11
30
77
91
16
2
45
79
100
78
48
78
45
55
2
7
56
12
31
48
99
33
82
79
47
35
85
94
68
51
26
8
50
93
41
30
21
55
61
19
97
30
93
60
95
73
23
71
51
93
63
50
86
66
23
52
22
100
4
45
65
52
93
72
71
42
15
51
60
80
76
79
17
66
10
81
72
66
88
28
39
94
85
80
10
48
81
72
89
50
64
45
36
57
94
80
62
48
65
