31
1000
67
28
92
74
50
6
49
33
37
61
56
12
98
94
60
6
18
79
64
33
80
51
72
50
27
16
91
83
73
72
50
12
52
58
73
47
72
50
49
93
16
78
42
35
99
16
88
27
67
86
22
40
93
32
2
25
35
100
12
52
12
72
49
84
62
25
20
65
70
78
18
48
8
7
79
56
73
4
61
67
59
42
16
55
20
56
91
36
51
48
19
14
93
36
53
33
68
32
47
65
94
11
36
49
85
46
16
60
66
26
9
30
64
9
15
61
55
51
39
79
55
47
75
93
15
49
54
6
14
64
51
7
14
40
43
7
96
82
81
66
83
57
54
84
80
6
27
43
4
76
99
98
34
13
61
48
96
57
90
37
5
19
47
78
88
23
72
76
96
8
5
3
5
43
50
48
59
69
35
52
57
45
33
98
40
14
25
96
19
4
42
61
40
31
85
34
5
70
77
19
65
38
85
95
90
82
24
84
96
35
40
21
83
24
83
1
58
63
70
84
35
88
15
30
12
32
90
84
29
42
100
80
4
66
73
69
35
75
65
3
35
99
17
25
54
30
24
20
95
15
29
29
94
67
36
40
20
56
29
4
68
15
76
95
4
75
28
90
7
25
47
49
69
57
36
45
42
83
40
64
35
87
45
99
90
82
73
23
21
81
47
81
2
69
33
71
6
46
39
89
4
38
23
62
25
21
35
81
47
10
39
55
59
57
44
57
16
5
94
75
46
70
40
60
19
35
20
82
33
50
41
87
65
8
42
46
84
72
10
51
45
80
29
2
82
27
79
7
85
80
3
20
83
35
72
68
19
74
47
83
94
63
76
59
78
80
71
65
77
69
35
14
64
5
87
66
61
16
53
98
79
94
8
62
97
17
14
14
90
22
36
78
36
93
86
89
30
34
10
59
80
68
51
60
35
89
88
37
11
5
4
78
43
44
90
5
11
39
58
97
79
91
41
11
55
45
39
79
47
89
11
33
98
50
73
73
80
100
91
97
97
53
53
54
4
34
84
73
17
97
98
26
48
61
84
18
100
90
24
75
39
59
94
9
2
18
47
35
57
73
10
56
86
48
76
14
24
24
2
3
4
8
48
4
15
71
100
99
46
72
93
65
35
86
36
60
1
48
34
75
40
50
60
76
66
10
96
91
82
89
48
69
60
86
65
64
97
90
57
38
9
79
66
54
55
47
43
98
50
4
46
19
35
49
38
99
86
44
93
97
93
7
6
44
59
70
76
25
79
54
80
60
22
80
78
77
39
5
89
55
34
71
34
99
3
6
58
23
13
69
69
95
11
84
68
8
43
69
90
8
71
23
99
27
13
2
62
11
19
54
13
60
55
44
75
78
24
19
10
95
40
93
2
94
2
69
87
2
64
33
83
9
62
100
52
80
32
61
93
40
71
68
63
7
32
63
16
29
78
46
36
82
90
60
1
81
64
61
81
8
61
32
2
35
56
34
74
11
98
30
84
31
83
52
35
29
14
5
38
47
57
64
38
22
7
91
45
21
71
42
100
79
94
53
100
2
4
29
61
20
28
60
47
96
50
42
2
55
39
33
25
17
53
77
27
42
84
97
19
9
48
62
91
76
24
9
93
47
8
69
5
88
32
43
45
4
34
2
50
19
83
35
5
46
17
41
76
66
92
2
43
26
91
94
42
17
30
22
84
94
91
29
86
97
26
39
71
67
86
79
9
66
29
43
37
7
51
87
67
50
44
63
41
39
96
2
62
80
45
67
34
86
16
91
29
84
60
21
49
96
53
46
62
53
89
66
30
23
21
1
9
65
7
15
12
33
43
17
89
19
20
24
70
24
41
29
32
94
49
96
87
20
44
7
29
42
96
15
3
63
93
17
51
57
37
66
32
16
4
28
45
28
47
66
14
79
20
20
53
61
66
52
32
74
19
98
78
87
45
58
73
27
57
59
24
33
43
48
67
98
70
88
52
25
75
36
88
48
22
68
19
86
65
70
40
2
99
38
37
23
56
39
100
78
14
49
80
65
48
2
99
30
43
26
60
40
79
70
36
82
15
56
86
98
2
57
93
42
38
73
3
1
38
39
87
76
48
53
47
33
77
27
81
22
65
81
28
7
68
4
39
74
16
49
38
67
48
13
13
91
80
89
91
11
18
57
55
70
63
56
5
81
13
91
60
51
30
92
76
68
1
83
25
7
95
43
20
83
75
10
60
44
23
98
48
51
77
74
20
16
15
26
51
77
60
11
1
40
28
98
81
82
42
90
38
58
4
46
70
100
