22
500
42
10
22
42
70
18
78
44
46
89
53
98
6
51
63
45
6
30
5
71
78
6
95
52
74
47
72
51
31
82
87
6
96
26
38
59
55
86
79
16
92
65
27
87
80
77
80
9
56
80
47
85
81
5
17
100
36
12
52
34
70
29
86
60
50
91
63
82
40
53
76
33
82
83
86
67
86
87
59
10
35
70
71
66
17
82
27
38
44
97
59
91
53
88
93
26
7
23
44
63
1
57
79
46
13
32
19
6
50
99
15
77
47
88
66
36
75
89
60
79
2
22
50
49
54
10
73
22
36
56
54
50
65
1
75
84
24
87
58
99
2
40
10
69
17
45
59
97
75
22
100
59
51
17
13
39
10
31
56
90
71
22
48
19
34
49
95
34
39
21
94
52
55
46
75
78
96
22
83
43
93
54
95
96
33
20
67
95
49
16
19
50
78
3
14
58
22
61
21
96
66
2
71
99
33
18
85
56
44
87
10
80
28
52
16
4
6
55
97
19
70
23
22
5
69
41
14
55
6
45
32
11
66
6
70
18
95
90
70
81
85
95
35
93
82
40
81
75
58
8
58
32
23
5
33
31
90
16
78
9
33
10
68
6
86
60
67
31
54
84
17
98
92
31
10
2
69
82
41
24
27
29
43
39
50
35
77
13
7
10
58
82
53
34
93
82
14
9
57
35
82
38
62
37
64
59
64
3
46
74
48
27
79
74
96
78
88
4
12
14
63
56
87
52
100
43
83
38
91
4
68
90
11
6
64
65
73
70
61
80
36
16
42
45
29
40
27
2
17
4
23
2
26
97
84
5
91
92
46
11
40
66
17
68
93
12
81
63
87
13
60
81
93
9
91
85
74
31
59
67
24
27
67
98
21
75
82
51
98
53
30
52
73
23
96
77
31
22
20
38
43
43
6
13
27
55
39
88
77
3
62
64
70
66
14
37
99
63
40
59
13
78
59
49
90
78
88
24
18
93
41
47
32
57
78
74
35
60
74
13
6
19
24
75
64
59
38
100
80
97
27
61
43
48
57
15
72
40
94
35
66
14
88
29
11
15
65
15
9
19
24
48
69
20
2
39
87
40
69
54
57
4
43
89
9
1
44
89
70
45
57
29
87
83
73
88
26
29
42
75
