31
1000
46
55
42
41
10
78
91
96
83
26
23
71
36
1
56
12
56
17
5
15
97
51
54
75
24
78
33
4
85
33
53
83
42
5
63
97
43
47
96
78
86
47
42
99
90
49
28
96
58
13
9
88
56
96
3
86
87
57
93
24
14
86
52
67
94
87
58
87
76
1
97
63
37
61
56
57
68
40
3
22
50
86
89
100
84
60
82
45
36
71
39
21
85
91
8
9
55
45
76
2
56
12
60
46
34
99
62
1
41
20
60
96
96
6
62
43
60
82
65
80
26
48
42
6
50
16
23
76
88
43
49
55
15
91
92
54
13
44
12
60
31
79
44
17
5
45
20
86
98
67
83
64
26
32
95
11
37
73
59
60
86
26
37
58
40
27
77
53
13
77
65
41
36
43
97
9
37
69
82
41
53
39
44
59
34
76
6
74
30
93
7
52
96
1
43
18
81
80
23
62
98
24
30
89
6
20
89
87
42
12
97
79
24
14
16
82
42
71
26
64
5
9
79
2
27
9
64
95
96
46
10
88
29
52
34
64
7
64
30
25
55
33
73
5
76
88
60
49
85
49
36
88
22
65
64
49
73
68
47
82
99
96
27
81
21
14
83
49
40
89
50
6
49
80
41
14
26
12
58
56
27
78
4
27
72
69
72
57
25
84
37
71
12
72
96
44
50
80
31
56
37
48
12
38
54
22
74
19
24
39
64
12
57
47
9
96
41
68
69
10
24
29
90
53
4
16
91
61
9
32
2
62
18
5
61
49
26
10
20
44
39
17
25
79
98
67
48
97
67
44
38
8
80
17
62
68
67
9
95
87
13
89
81
11
95
52
51
87
83
8
34
7
3
98
85
10
42
27
69
78
20
51
63
87
25
38
76
25
29
82
40
56
31
48
92
26
96
36
35
56
64
28
45
63
36
94
80
50
94
21
39
64
22
93
84
75
6
99
57
16
66
97
54
55
82
96
39
4
13
31
74
12
6
7
69
26
94
48
30
61
34
19
59
58
38
40
37
76
59
40
96
64
26
88
26
52
87
49
65
56
29
55
23
83
47
96
33
12
52
57
88
37
44
16
52
85
16
66
14
50
37
66
94
6
80
92
82
99
69
63
43
87
46
100
90
13
23
55
18
14
100
93
96
36
58
65
36
65
48
5
96
9
71
84
63
25
26
17
36
96
64
63
45
76
94
4
59
22
76
37
63
36
24
56
44
36
76
97
84
49
10
59
14
57
61
26
18
90
2
66
91
11
81
96
50
36
62
65
34
86
37
45
26
13
62
1
59
31
85
36
39
13
94
32
44
58
24
17
40
64
30
48
15
88
11
50
23
30
43
80
20
94
91
23
65
53
84
49
41
35
13
70
11
59
16
62
2
49
72
64
9
72
4
76
88
83
11
69
79
19
95
5
47
12
44
63
16
98
95
80
51
38
89
44
21
4
59
75
52
60
23
23
56
30
53
27
43
100
11
50
31
6
39
36
5
37
56
22
8
1
28
10
43
10
20
5
48
46
97
52
58
48
12
74
66
29
21
80
46
15
62
52
11
24
51
76
1
53
18
11
9
8
33
46
23
6
35
97
98
21
52
5
21
89
52
2
11
41
88
1
27
85
42
95
78
13
99
75
83
73
66
78
63
23
87
74
21
21
5
96
32
20
81
10
95
24
97
53
58
79
42
80
77
96
15
12
10
44
78
83
3
79
28
60
65
69
77
24
11
69
62
67
45
56
45
22
38
11
30
70
56
19
71
51
64
13
57
38
4
81
42
37
30
68
61
20
64
79
65
25
40
21
3
53
55
44
70
82
53
95
92
14
33
32
59
66
16
44
17
53
47
85
14
84
46
85
5
50
75
40
74
88
56
88
43
78
79
29
21
46
52
29
62
71
88
78
17
7
5
22
87
81
73
68
65
61
5
36
55
14
43
29
48
15
84
28
3
83
64
27
82
26
59
95
65
28
86
22
39
88
23
1
38
63
95
77
69
57
34
39
83
69
32
58
42
92
6
68
46
7
35
48
93
98
3
59
68
53
47
88
71
14
91
66
94
98
16
85
64
2
21
16
22
58
69
6
93
24
60
68
96
94
76
15
41
57
82
95
75
43
90
43
43
69
56
58
23
14
33
55
99
32
10
33
75
81
52
17
10
83
13
100
14
36
58
46
72
8
78
61
71
45
80
88
13
61
90
47
30
16
54
24
82
21
37
92
2
50
10
68
31
100
5
16
91
62
58
17
36
3
82
39
55
39
57
6
74
50
73
15
