22
500
51
63
54
92
64
41
37
53
97
47
50
5
56
100
93
52
83
14
78
81
69
35
2
49
55
72
85
95
74
19
35
80
50
9
32
100
29
42
39
57
22
62
14
44
43
68
95
22
78
16
74
91
75
62
70
43
45
98
48
35
60
84
60
67
22
62
59
10
10
64
86
10
56
64
52
58
36
54
3
70
71
96
57
79
68
60
23
44
29
50
63
73
89
21
30
70
46
77
8
68
40
27
4
24
44
54
37
29
87
27
55
69
3
4
45
27
64
73
87
12
57
3
83
65
78
46
36
1
35
87
71
100
86
59
84
60
77
36
1
91
72
10
58
62
57
44
51
97
11
73
3
84
44
42
15
74
99
64
72
97
23
71
67
28
22
73
13
53
80
29
15
69
50
51
84
97
61
38
18
63
72
49
83
68
47
43
64
22
20
65
45
1
36
98
52
74
58
16
17
63
67
58
87
23
10
98
65
19
40
48
32
58
32
88
88
42
37
37
57
64
64
63
55
10
21
52
47
7
99
79
67
95
20
66
18
21
36
15
9
28
17
62
45
10
91
89
80
76
74
37
35
95
81
69
22
23
99
33
12
27
69
72
11
4
46
75
48
31
44
50
40
95
72
54
86
39
37
50
60
14
54
22
38
40
69
82
86
9
69
12
6
78
92
10
5
35
94
55
88
73
1
36
14
44
10
26
38
53
98
75
85
31
10
6
69
32
77
93
95
62
91
50
70
20
15
22
9
87
7
90
51
59
12
11
95
35
65
46
42
32
81
14
37
43
61
67
32
5
60
87
21
73
81
38
75
64
83
18
67
97
33
73
72
32
45
5
11
9
79
79
22
32
35
40
6
7
99
37
96
48
52
9
16
63
28
21
22
20
36
84
78
72
24
24
24
46
12
53
66
6
64
29
33
28
8
90
62
58
56
85
60
57
35
100
100
67
51
91
6
59
78
18
44
36
41
43
70
87
93
35
48
69
30
52
39
70
15
83
46
88
97
31
69
100
2
15
73
2
14
95
44
44
13
6
73
10
95
97
63
53
75
16
29
38
67
75
57
60
58
31
39
78
13
11
83
88
100
81
68
2
18
94
7
65
100
95
7
21
94
35
90
14
19
34
57
81
26
27
79
80
