22
500
67
78
85
74
77
9
22
86
78
19
31
88
39
43
49
80
84
96
8
49
89
53
46
54
58
71
31
55
8
100
91
69
7
65
40
29
51
19
72
70
7
12
95
46
67
38
13
24
5
50
82
51
31
7
19
70
52
48
63
15
63
8
36
67
14
49
67
57
49
85
90
95
43
82
35
30
62
16
91
76
31
97
50
33
93
77
63
51
7
32
13
68
17
94
23
99
39
70
81
94
1
6
32
94
95
38
88
40
90
99
14
61
77
52
52
66
89
5
9
34
63
41
37
76
80
34
62
45
91
63
31
3
48
14
66
61
61
52
1
28
53
66
98
26
51
65
95
17
12
95
16
43
5
73
36
21
100
41
88
22
49
73
20
18
30
97
32
4
35
15
71
58
49
25
14
75
65
45
43
12
17
97
50
96
88
60
89
25
11
6
41
17
61
52
5
49
87
24
82
34
68
40
85
69
92
21
8
61
92
84
49
41
75
48
74
39
45
84
97
85
63
41
49
86
67
95
73
41
50
69
49
71
45
34
52
87
34
16
27
95
43
73
57
5
41
89
100
52
38
71
84
9
25
62
44
18
52
27
77
11
20
54
31
40
21
99
7
6
25
28
11
6
10
88
58
92
60
19
27
82
73
29
25
73
53
13
38
45
22
100
12
17
69
14
73
72
12
45
59
20
51
68
32
89
30
99
16
46
8
46
61
77
97
15
1
41
15
2
87
26
64
49
59
56
21
49
48
87
46
60
91
63
13
47
58
5
1
40
100
39
36
90
69
66
43
65
43
25
94
66
51
85
83
79
97
19
71
51
90
74
40
77
84
8
59
40
1
85
41
88
78
95
6
43
95
48
86
79
28
89
63
95
46
66
17
85
91
4
93
4
92
57
53
72
18
68
24
48
49
61
74
22
17
50
76
57
39
91
70
68
59
44
50
95
56
38
77
65
73
66
49
69
79
54
33
17
48
13
38
84
86
78
18
51
10
55
7
45
49
16
23
97
45
56
51
1
13
69
75
13
46
33
72
41
13
36
1
11
86
36
3
13
28
23
67
27
88
8
55
82
77
67
14
89
61
63
50
81
13
98
16
1
34
60
41
27
24
12
7
83
73
28
60
37
71
20
49
57
28
87
