22
500
77
16
14
6
22
86
38
11
82
27
25
40
52
52
54
44
60
3
92
80
51
90
86
25
50
44
90
62
88
96
33
36
96
84
42
23
39
5
92
43
27
66
50
78
10
11
88
70
99
97
36
35
29
47
8
26
71
55
84
7
47
24
53
21
67
92
23
13
48
14
52
27
89
3
77
57
29
61
2
76
19
40
15
36
90
93
50
84
95
46
50
92
70
29
93
57
55
64
45
67
17
66
57
93
4
96
30
73
1
75
46
6
58
82
70
76
61
100
43
7
17
31
35
13
68
4
49
86
9
37
9
98
79
93
95
94
15
23
41
87
46
60
52
20
70
34
91
30
74
92
28
95
47
4
85
33
54
49
11
69
56
34
13
33
72
42
15
94
95
30
50
74
36
85
21
17
92
45
91
43
14
64
100
72
19
52
43
100
98
27
44
71
70
46
54
4
43
6
28
69
60
19
18
27
96
34
89
47
92
69
39
38
80
81
76
78
26
55
40
87
19
19
87
62
97
55
69
96
37
57
84
26
70
78
7
13
9
90
63
25
45
36
73
28
44
2
91
48
95
65
10
21
38
57
90
83
47
48
96
28
20
26
92
27
41
1
26
92
68
2
7
30
89
24
22
12
66
60
62
12
84
67
80
27
40
65
1
14
96
98
49
93
3
82
34
30
24
45
32
13
84
86
79
16
86
55
15
38
59
67
33
73
59
43
90
36
22
26
93
42
10
95
34
42
98
69
54
1
56
87
7
3
57
42
84
89
89
68
42
31
14
11
22
2
21
11
32
96
91
72
45
1
55
53
37
67
70
22
27
26
89
54
96
31
51
25
4
58
2
3
49
22
71
87
80
84
38
34
78
36
96
29
78
58
8
3
64
29
82
58
86
98
15
6
4
32
11
19
3
15
48
29
46
99
98
11
89
99
25
8
76
3
100
31
52
52
45
16
93
91
18
1
66
62
37
7
5
46
59
26
56
64
24
56
99
55
72
93
93
28
64
85
70
2
22
75
2
17
78
19
74
86
18
6
44
20
85
37
85
50
21
92
12
41
74
62
7
57
12
3
65
37
17
9
60
64
89
60
56
67
58
81
5
49
83
86
3
13
69
88
70
43
77
61
66
38
46
46
57
78
